5.580173284426733153e+05 6.191199569091611542e+06
5.581118059973039199e+05 6.191232078333830461e+06
5.581118059973039199e+05 6.191232078333830461e+06
5.582063009450263344e+05 6.191264537138031796e+06
5.582063009450263344e+05 6.191264537138031796e+06
5.583008135237311944e+05 6.191296945469226688e+06
5.583008135237311944e+05 6.191296945469226688e+06
5.583953426886491943e+05 6.191329302852863446e+06
5.583953426886491943e+05 6.191329302852863446e+06
5.584899255693036830e+05 6.191361621849285439e+06
5.584899255693036830e+05 6.191361621849285439e+06
5.585901881825128803e+05 6.191395819507829845e+06
5.585901881825128803e+05 6.191395819507829845e+06
5.587008952526337234e+05 6.191433505201029591e+06
5.587008952526337234e+05 6.191433505201029591e+06
5.588231378779970109e+05 6.191475026865536347e+06
5.588231378779970109e+05 6.191475026865536347e+06
5.589581215209689690e+05 6.191520765244515613e+06
5.589581215209689690e+05 6.191520765244515613e+06
5.591071782794276951e+05 6.191571136595791206e+06
5.591071782794276951e+05 6.191571136595791206e+06
5.592717803350572940e+05 6.191626595455992036e+06
5.592717803350572940e+05 6.191626595455992036e+06
5.594535548349621240e+05 6.191687637467090040e+06
5.594535548349621240e+05 6.191687637467090040e+06
5.596543004588574404e+05 6.191754802250108682e+06
5.596543004588574404e+05 6.191754802250108682e+06
5.598760058405648451e+05 6.191828676257683896e+06
5.598760058405648451e+05 6.191828676257683896e+06
5.601208698990768753e+05 6.191909895469037816e+06
5.601208698990768753e+05 6.191909895469037816e+06
5.603913245646902360e+05 6.191999147895908915e+06
5.603913245646902360e+05 6.191999147895908915e+06
5.606900597661207430e+05 6.192097175613291562e+06
5.606900597661207430e+05 6.192097175613291562e+06
5.610200518100648187e+05 6.192204776384707540e+06
5.610200518100648187e+05 6.192204776384707540e+06
5.613845941697134404e+05 6.192322804176749662e+06
5.613845941697134404e+05 6.192322804176749662e+06
5.617873323648815276e+05 6.192452168634954840e+06
5.617873323648815276e+05 6.192452168634954840e+06
5.622323027402472217e+05 6.192593832844986580e+06
5.622323027402472217e+05 6.192593832844986580e+06
5.627239755457987776e+05 6.192748808737598360e+06
5.627239755457987776e+05 6.192748808737598360e+06
5.632673029008704470e+05 6.192918149340190925e+06
5.632673029008704470e+05 6.192918149340190925e+06
5.638677733744424768e+05 6.193102937152281404e+06
5.638677733744424768e+05 6.193102937152281404e+06
5.645314713350551901e+05 6.193304266441547312e+06
5.645314713350551901e+05 6.193304266441547312e+06
5.652651448502993444e+05 6.193523218533231877e+06
5.652651448502993444e+05 6.193523218533231877e+06
5.660762809396240627e+05 6.193760826971114613e+06
5.660762809396240627e+05 6.193760826971114613e+06
5.669731901174499653e+05 6.194018029548631981e+06
5.669731901174499653e+05 6.194018029548631981e+06
5.679335180783584947e+05 6.194286877112204209e+06
5.679335180783584947e+05 6.194286877112204209e+06
5.688974408730635187e+05 6.194549814032533206e+06
5.688974408730635187e+05 6.194549814032533206e+06
5.698631347353124293e+05 6.194806164050405845e+06
5.698631347353124293e+05 6.194806164050405845e+06
5.708305962332290364e+05 6.195055762140123174e+06
5.708305962332290364e+05 6.195055762140123174e+06
5.717998172832641285e+05 6.195298437089037150e+06
5.717998172832641285e+05 6.195298437089037150e+06
5.727707886714158813e+05 6.195534012302686460e+06
5.727707886714158813e+05 6.195534012302686460e+06
5.737434980242470047e+05 6.195762305160017684e+06
5.737434980242470047e+05 6.195762305160017684e+06
5.747179298967269715e+05 6.195983126929941587e+06
5.747179298967269715e+05 6.195983126929941587e+06
5.756940676189254737e+05 6.196196283055798151e+06
5.756940676189254737e+05 6.196196283055798151e+06
5.766718898013102589e+05 6.196401572242128663e+06
5.766718898013102589e+05 6.196401572242128663e+06
5.776513721972032217e+05 6.196598786769016646e+06
5.776513721972032217e+05 6.196598786769016646e+06
5.786324873998971889e+05 6.196787712299231440e+06
5.786324873998971889e+05 6.196787712299231440e+06
5.796152025659744395e+05 6.196968127342653461e+06
5.796152025659744395e+05 6.196968127342653461e+06
5.805994821113798534e+05 6.197139803686454892e+06
5.805994821113798534e+05 6.197139803686454892e+06
5.815852842831353191e+05 6.197302505692251027e+06
5.815852842831353191e+05 6.197302505692251027e+06
5.825725635946533876e+05 6.197455990669458173e+06
5.825725635946533876e+05 6.197455990669458173e+06
5.835612681664826814e+05 6.197600008392240852e+06
5.835612681664826814e+05 6.197600008392240852e+06
5.845513401890306268e+05 6.197734301183498465e+06
5.845513401890306268e+05 6.197734301183498465e+06
5.855427156568095088e+05 6.197858603890007362e+06
5.855427156568095088e+05 6.197858603890007362e+06
5.865353237752420828e+05 6.197972643845667131e+06
5.865353237752420828e+05 6.197972643845667131e+06
5.875290866263826611e+05 6.198076140908306465e+06
5.875290866263826611e+05 6.198076140908306465e+06
5.885239172746372642e+05 6.198168807395467535e+06
5.885239172746372642e+05 6.198168807395467535e+06
5.895197214235400315e+05 6.198250348436803557e+06
5.895197214235400315e+05 6.198250348436803557e+06
5.905163947574869962e+05 6.198320461959065869e+06
5.905163947574869962e+05 6.198320461959065869e+06
5.915138244391013868e+05 6.198378839103386737e+06
5.915138244391013868e+05 6.198378839103386737e+06
5.925118859467956936e+05 6.198425164383165538e+06
5.925118859467956936e+05 6.198425164383165538e+06
5.935104448310539592e+05 6.198459116252833977e+06
5.935104448310539592e+05 6.198459116252833977e+06
5.945093541521925945e+05 6.198480367532939650e+06
5.945093541521925945e+05 6.198480367532939650e+06
5.955084554740854073e+05 6.198488586098130792e+06
5.955084554740854073e+05 6.198488586098130792e+06
5.965075766975379083e+05 6.198483435596045107e+06
5.965075766975379083e+05 6.198483435596045107e+06
5.975065332197777461e+05 6.198464576338353567e+06
5.975065332197777461e+05 6.198464576338353567e+06
5.985051249357312918e+05 6.198431666358054616e+06
5.985051249357312918e+05 6.198431666358054616e+06
5.995031379122199723e+05 6.198384362577867694e+06
5.995031379122199723e+05 6.198384362577867694e+06
6.005003428931538947e+05 6.198322322182293050e+06
6.005003428931538947e+05 6.198322322182293050e+06
6.014964949143971317e+05 6.198245204172107391e+06
6.014964949143971317e+05 6.198245204172107391e+06
6.024913328664940782e+05 6.198152671124871820e+06
6.024913328664940782e+05 6.198152671124871820e+06
6.034845798641493311e+05 6.198044391089069657e+06
6.034845798641493311e+05 6.198044391089069657e+06
6.044759424354211660e+05 6.197920039808979258e+06
6.044759424354211660e+05 6.197920039808979258e+06
6.054651114249640377e+05 6.197779303005227819e+06
6.054651114249640377e+05 6.197779303005227819e+06
6.064517617941239150e+05 6.197621879009234719e+06
6.064517617941239150e+05 6.197621879009234719e+06
6.074355531725455076e+05 6.197447481565739028e+06
6.074355531725455076e+05 6.197447481565739028e+06
6.084161315445451764e+05 6.197255842662530020e+06
6.084161315445451764e+05 6.197255842662530020e+06
6.093931292311683064e+05 6.197046715902788565e+06
6.093931292311683064e+05 6.197046715902788565e+06
6.103661671759096207e+05 6.196819879700072110e+06
6.103661671759096207e+05 6.196819879700072110e+06
6.113348567443144275e+05 6.196575140752797015e+06
6.113348567443144275e+05 6.196575140752797015e+06
6.122987909201108851e+05 6.196312298182310537e+06
6.122987909201108851e+05 6.196312298182310537e+06
6.132574452646314166e+05 6.196030811842498370e+06
6.132574452646314166e+05 6.196030811842498370e+06
6.142101940619671950e+05 6.195729947275306098e+06
6.142101940619671950e+05 6.195729947275306098e+06
6.151563550869059982e+05 6.195408970967875794e+06
6.151563550869059982e+05 6.195408970967875794e+06
6.160951887630483834e+05 6.195067160827112384e+06
6.160951887630483834e+05 6.195067160827112384e+06
6.170258984115308849e+05 6.194703816009341739e+06
6.170258984115308849e+05 6.194703816009341739e+06
6.179476298660612665e+05 6.194318269000854343e+06
6.179476298660612665e+05 6.194318269000854343e+06
6.188594766925508156e+05 6.193909897530085407e+06
6.188594766925508156e+05 6.193909897530085407e+06
6.197604832964007510e+05 6.193478139269918203e+06
6.197604832964007510e+05 6.193478139269918203e+06
6.206496530741713941e+05 6.193022506260113791e+06
6.206496530741713941e+05 6.193022506260113791e+06
6.215259581618232187e+05 6.192542600030559115e+06
6.215259581618232187e+05 6.192542600030559115e+06
6.223883521995926276e+05 6.192038126225241460e+06
6.223883521995926276e+05 6.192038126225241460e+06
6.232357851518549724e+05 6.191508908461657353e+06
6.232357851518549724e+05 6.191508908461657353e+06
6.240672212651965674e+05 6.190954899818906561e+06
6.240672212651965674e+05 6.190954899818906561e+06
6.248816578504984500e+05 6.190376192201323807e+06
6.248816578504984500e+05 6.190376192201323807e+06
6.256781460856826743e+05 6.189773021611957811e+06
6.256781460856826743e+05 6.189773021611957811e+06
6.264558108102196129e+05 6.189145770176377147e+06
6.264558108102196129e+05 6.189145770176377147e+06
6.272138714977266500e+05 6.188494962102005258e+06
6.272138714977266500e+05 6.188494962102005258e+06
6.279516585046597756e+05 6.187821257289389148e+06
6.279516585046597756e+05 6.187821257289389148e+06
6.286686285628646147e+05 6.187125438961761072e+06
6.286686285628646147e+05 6.187125438961761072e+06
6.293643756646328839e+05 6.186408398264011368e+06
6.293643756646328839e+05 6.186408398264011368e+06
6.300386376168471761e+05 6.185671116092758253e+06
6.300386376168471761e+05 6.185671116092758253e+06
6.306912982234120136e+05 6.184914642977725714e+06
6.306912982234120136e+05 6.184914642977725714e+06
6.313223850354815368e+05 6.184140078239978291e+06
6.313223850354815368e+05 6.184140078239978291e+06
6.319320631370635238e+05 6.183348549384671263e+06
6.319320631370635238e+05 6.183348549384671263e+06
6.325206252236946020e+05 6.182541193134830333e+06
6.325206252236946020e+05 6.182541193134830333e+06
6.330884796120600076e+05 6.181719137709106319e+06
6.330884796120600076e+05 6.181719137709106319e+06
6.336361361285781022e+05 6.180883487931257114e+06
6.336361361285781022e+05 6.180883487931257114e+06
6.341641909658540972e+05 6.180035313162449747e+06
6.341641909658540972e+05 6.180035313162449747e+06
6.346733117431050632e+05 6.179175637285209261e+06
6.346733117431050632e+05 6.179175637285209261e+06
6.351642223759320332e+05 6.178305432190407068e+06
6.351642223759320332e+05 6.178305432190407068e+06
6.356375974659548374e+05 6.177425563162384555e+06
6.356375974659548374e+05 6.177425563162384555e+06
6.360938063825548161e+05 6.176536671562722884e+06
6.360938063825548161e+05 6.176536671562722884e+06
6.365331476315709297e+05 6.175639322232266888e+06
6.365331476315709297e+05 6.175639322232266888e+06
6.369559167550427373e+05 6.174734046594088897e+06
6.369559167550427373e+05 6.174734046594088897e+06
6.373624051243318245e+05 6.173821344663899392e+06
6.373624051243318245e+05 6.173821344663899392e+06
6.377529002985382685e+05 6.172901683777403086e+06
6.377529002985382685e+05 6.172901683777403086e+06
6.381276817644770490e+05 6.171975508481457829e+06
6.381276817644770490e+05 6.171975508481457829e+06
6.384870240010267589e+05 6.171043233822894283e+06
6.384870240010267589e+05 6.171043233822894283e+06
6.388311940469266847e+05 6.170105251576712355e+06
6.388311940469266847e+05 6.170105251576712355e+06
6.391604517197627574e+05 6.169161930463291705e+06
6.391604517197627574e+05 6.169161930463291705e+06
6.394750458194699604e+05 6.168213628549515270e+06
6.394750458194699604e+05 6.168213628549515270e+06
6.397752297846308211e+05 6.167260645959982648e+06
6.397752297846308211e+05 6.167260645959982648e+06
6.400612309567154152e+05 6.166303320937030017e+06
6.400612309567154152e+05 6.166303320937030017e+06
6.403332806928748032e+05 6.165341938043064438e+06
6.403332806928748032e+05 6.165341938043064438e+06
6.405915996834847610e+05 6.164376774771835655e+06
6.405915996834847610e+05 6.164376774771835655e+06
6.408364007130365353e+05 6.163408094482147135e+06
6.408364007130365353e+05 6.163408094482147135e+06
6.410678891067178920e+05 6.162436146142721176e+06
6.410678891067178920e+05 6.162436146142721176e+06
6.412862623416347196e+05 6.161461167469488457e+06
6.412862623416347196e+05 6.161461167469488457e+06
6.414917108208478894e+05 6.160483383281082846e+06
6.414917108208478894e+05 6.160483383281082846e+06
6.416844176838567946e+05 6.159503007844321430e+06
6.416844176838567946e+05 6.159503007844321430e+06
6.418645589774397667e+05 6.158520245897085406e+06
6.418645589774397667e+05 6.158520245897085406e+06
6.420323040956334444e+05 6.157535292138393968e+06
6.420323040956334444e+05 6.157535292138393968e+06
6.421878158341736998e+05 6.156548332627958618e+06
6.421878158341736998e+05 6.156548332627958618e+06
6.423312505696966546e+05 6.155559545676695183e+06
6.423312505696966546e+05 6.155559545676695183e+06
6.424627585601441097e+05 6.154569101904861629e+06
6.424627585601441097e+05 6.154569101904861629e+06
6.425824840114052640e+05 6.153577165965294465e+06
6.425824840114052640e+05 6.153577165965294465e+06
6.426905659919467289e+05 6.152583890802212059e+06
6.426905659919467289e+05 6.152583890802212059e+06
6.427871370720647974e+05 6.151589431978141889e+06
6.427871370720647974e+05 6.151589431978141889e+06
6.428723249874665635e+05 6.150593936156667769e+06
6.428723249874665635e+05 6.150593936156667769e+06
6.429462530984379118e+05 6.149597534951022826e+06
6.429462530984379118e+05 6.149597534951022826e+06
6.430090384818005841e+05 6.148600372412602417e+06
6.430090384818005841e+05 6.148600372412602417e+06
6.430607944205242675e+05 6.147602576678154059e+06
6.430607944205242675e+05 6.147602576678154059e+06
6.431016294771643588e+05 6.146604273894187063e+06
6.431016294771643588e+05 6.146604273894187063e+06
6.431316471951606218e+05 6.145605587422380224e+06
6.431316471951606218e+05 6.145605587422380224e+06
6.431499025406471919e+05 6.144606619500392117e+06
6.431499025406471919e+05 6.144606619500392117e+06
6.431522872979912208e+05 6.143607493847589009e+06
6.431522872979912208e+05 6.143607493847589009e+06
6.431341104315000121e+05 6.142608538834651932e+06
6.431341104315000121e+05 6.142608538834651932e+06
6.430906821677708067e+05 6.141610372613600455e+06
6.430906821677708067e+05 6.141610372613600455e+06
6.430173219796060584e+05 6.140613970888861455e+06
6.430173219796060584e+05 6.140613970888861455e+06
6.429094024503607070e+05 6.139620731577512808e+06
6.429094024503607070e+05 6.139620731577512808e+06
6.427624348314640811e+05 6.138632530603374355e+06
6.427624348314640811e+05 6.138632530603374355e+06
6.425721992793142563e+05 6.137651756057646126e+06
6.425721992793142563e+05 6.137651756057646126e+06
6.423349167998604244e+05 6.136681306459732354e+06
6.423349167998604244e+05 6.136681306459732354e+06
6.420474502198027913e+05 6.135724537362828851e+06
6.420474502198027913e+05 6.135724537362828851e+06
6.417075096924048848e+05 6.134785145122250542e+06
6.417075096924048848e+05 6.134785145122250542e+06
6.413138283357780892e+05 6.133866987927239388e+06
6.413138283357780892e+05 6.133866987927239388e+06
6.408662706494809827e+05 6.132973859590207227e+06
6.408662706494809827e+05 6.132973859590207227e+06
6.403658438089826377e+05 6.132109245618890040e+06
6.403658438089826377e+05 6.132109245618890040e+06
6.398146031609112397e+05 6.131276103666656651e+06
6.398146031609112397e+05 6.131276103666656651e+06
6.392154657286915462e+05 6.130476702851488255e+06
6.392154657286915462e+05 6.130476702851488255e+06
6.385719667245554738e+05 6.129712544746400788e+06
6.385719667245554738e+05 6.129712544746400788e+06
6.378880003969927784e+05 6.128984366456783377e+06
6.378880003969927784e+05 6.128984366456783377e+06
6.371675833467465127e+05 6.128292211582753807e+06
6.371675833467465127e+05 6.128292211582753807e+06
6.364146620596253779e+05 6.127635542277255096e+06
6.364146620596253779e+05 6.127635542277255096e+06
6.356329770182594657e+05 6.127013370731745847e+06
6.356329770182594657e+05 6.127013370731745847e+06
6.348259771957874764e+05 6.126424386758705601e+06
6.348259771957874764e+05 6.126424386758705601e+06
6.339967786883688532e+05 6.125867071777282283e+06
6.339967786883688532e+05 6.125867071777282283e+06
6.331481546851254534e+05 6.125339792071612552e+06
6.331481546851254534e+05 6.125339792071612552e+06
6.322825459166150540e+05 6.124840870431267656e+06
6.322825459166150540e+05 6.124840870431267656e+06
6.314020849668801529e+05 6.124368639262031764e+06
6.314020849668801529e+05 6.124368639262031764e+06
6.305086257642387645e+05 6.123921476797340438e+06
6.305086257642387645e+05 6.123921476797340438e+06
6.296037742466526106e+05 6.123497830227344297e+06
6.296037742466526106e+05 6.123497830227344297e+06
6.286889204065613449e+05 6.123096230236032978e+06
6.286889204065613449e+05 6.123096230236032978e+06
6.277652661872840254e+05 6.122715297556382604e+06
6.277652661872840254e+05 6.122715297556382604e+06
6.268338525012129685e+05 6.122353745522481389e+06
6.268338525012129685e+05 6.122353745522481389e+06
6.258955803381289588e+05 6.122010378169268370e+06
6.258955803381289588e+05 6.122010378169268370e+06
6.249512318023095140e+05 6.121684087426301092e+06
6.249512318023095140e+05 6.121684087426301092e+06
6.240014871638432378e+05 6.121373848504710011e+06
6.240014871638432378e+05 6.121373848504710011e+06
6.230469390392107889e+05 6.121078714498328045e+06
6.230469390392107889e+05 6.121078714498328045e+06
6.220881059174539987e+05 6.120797811187279411e+06
6.220881059174539987e+05 6.120797811187279411e+06
6.211254406132419826e+05 6.120530330869855359e+06
6.211254406132419826e+05 6.120530330869855359e+06
6.201593417145528365e+05 6.120275527725104243e+06
6.201593417145528365e+05 6.120275527725104243e+06
6.191901592824014369e+05 6.120032712163070217e+06
6.191901592824014369e+05 6.120032712163070217e+06
6.182182036521969130e+05 6.119801246638831683e+06
6.182182036521969130e+05 6.119801246638831683e+06
6.172437476068094838e+05 6.119580540398775600e+06
6.172437476068094838e+05 6.119580540398775600e+06
6.162670341564553091e+05 6.119370046159678139e+06
6.162670341564553091e+05 6.119370046159678139e+06
6.152882794484896585e+05 6.119169256092159078e+06
6.152882794484896585e+05 6.119169256092159078e+06
6.143076756478711031e+05 6.118977698311765678e+06
6.143076756478711031e+05 6.118977698311765678e+06
6.133253943661915837e+05 6.118794933897004463e+06
6.133253943661915837e+05 6.118794933897004463e+06
6.123415900310629513e+05 6.118620554225303233e+06
6.123415900310629513e+05 6.118620554225303233e+06
6.113564001356053632e+05 6.118454178073240444e+06
6.113564001356053632e+05 6.118454178073240444e+06
6.103699488841276616e+05 6.118295449630602263e+06
6.103699488841276616e+05 6.118295449630602263e+06
6.093823483544290066e+05 6.118144036312632263e+06
6.093823483544290066e+05 6.118144036312632263e+06
6.083936991463740123e+05 6.117999626749349758e+06
6.083936991463740123e+05 6.117999626749349758e+06
6.074040924291592091e+05 6.117861929198789410e+06
6.074040924291592091e+05 6.117861929198789410e+06
6.064136113580720266e+05 6.117730670024353079e+06
6.064136113580720266e+05 6.117730670024353079e+06
6.054223301601430867e+05 6.117605592033924535e+06
6.054223301601430867e+05 6.117605592033924535e+06
6.044303178826830117e+05 6.117486453576694243e+06
6.044303178826830117e+05 6.117486453576694243e+06
6.034533555747646606e+05 6.117374779205104336e+06
6.034533555747646606e+05 6.117374779205104336e+06
6.025590127502526157e+05 6.117277280456906185e+06
6.025590127502526157e+05 6.117277280456906185e+06
6.017477605609180173e+05 6.117192613572659902e+06
6.017477605609180173e+05 6.117192613572659902e+06
6.010118331362932222e+05 6.117118815199441276e+06
6.010118331362932222e+05 6.117118815199441276e+06
6.003441602553024422e+05 6.117054266766659915e+06
6.003441602553024422e+05 6.117054266766659915e+06
5.997383084468044108e+05 6.116997625595395453e+06
5.997383084468044108e+05 6.116997625595395453e+06
5.991884256359618157e+05 6.116947771357524209e+06
5.991884256359618157e+05 6.116947771357524209e+06
5.986891892664391780e+05 6.116903764077321626e+06
5.986891892664391780e+05 6.116903764077321626e+06
5.982357562164759729e+05 6.116864810775719583e+06
5.982357562164759729e+05 6.116864810775719583e+06
5.978237154453990515e+05 6.116830238829711452e+06
5.978237154453990515e+05 6.116830238829711452e+06
5.974490412545899162e+05 6.116799474368207157e+06
5.974490412545899162e+05 6.116799474368207157e+06
5.971080559175939998e+05 6.116772025291398168e+06
5.971080559175939998e+05 6.116772025291398168e+06
5.967973941937407944e+05 6.116747467395738699e+06
5.967973941937407944e+05 6.116747467395738699e+06
5.965139685762762092e+05 6.116725432878839783e+06
5.965139685762762092e+05 6.116725432878839783e+06
5.962550208892335650e+05 6.116705607247182168e+06
5.962550208892335650e+05 6.116705607247182168e+06
5.960378323587599443e+05 6.116689202057685703e+06
5.960378323587599443e+05 6.116689202057685703e+06
5.958655118051848840e+05 6.116676329782124609e+06
5.958655118051848840e+05 6.116676329782124609e+06
5.957430184311394114e+05 6.116667256517344154e+06
5.957430184311394114e+05 6.116667256517344154e+06
5.956432325208571274e+05 6.116659912273235619e+06
5.956432325208571274e+05 6.116659912273235619e+06
5.955435846395769622e+05 6.116652620186352171e+06
5.955435846395769622e+05 6.116652620186352171e+06
5.954439339358221041e+05 6.116645369722294621e+06
5.954439339358221041e+05 6.116645369722294621e+06
5.953442801092930604e+05 6.116638160722151399e+06
5.953442801092930604e+05 6.116638160722151399e+06
5.952446232269909233e+05 6.116630993054593913e+06
5.952446232269909233e+05 6.116630993054593913e+06
5.951449634549580514e+05 6.116623866595980711e+06
5.951449634549580514e+05 6.116623866595980711e+06
5.950453008225118974e+05 6.116616781213434413e+06
5.950453008225118974e+05 6.116616781213434413e+06
5.949456352599853417e+05 6.116609736767780967e+06
5.949456352599853417e+05 6.116609736767780967e+06
5.948459668098604307e+05 6.116602733128538355e+06
5.948459668098604307e+05 6.116602733128538355e+06
5.947462954418791924e+05 6.116595770160806365e+06
5.947462954418791924e+05 6.116595770160806365e+06
5.946466213693922618e+05 6.116588847747310996e+06
5.946466213693922618e+05 6.116588847747310996e+06
5.945469443394719856e+05 6.116581965739040636e+06
5.945469443394719856e+05 6.116581965739040636e+06
5.944472647237317869e+05 6.116575124030834064e+06
5.944472647237317869e+05 6.116575124030834064e+06
5.943475821683417307e+05 6.116568322468273342e+06
5.943475821683417307e+05 6.116568322468273342e+06
5.942478970806023572e+05 6.116561560949673876e+06
5.942478970806023572e+05 6.116561560949673876e+06
5.941482091285110218e+05 6.116554839323682711e+06
5.941482091285110218e+05 6.116554839323682711e+06
5.940485186339404900e+05 6.116548157483858988e+06
5.940485186339404900e+05 6.116548157483858988e+06
5.939488254072205164e+05 6.116541515289938077e+06
5.939488254072205164e+05 6.116541515289938077e+06
5.938491295632964466e+05 6.116534912622748874e+06
5.938491295632964466e+05 6.116534912622748874e+06
5.937494311766496394e+05 6.116528349360944703e+06
5.937494311766496394e+05 6.116528349360944703e+06
5.936497300560551230e+05 6.116521825366391800e+06
5.936497300560551230e+05 6.116521825366391800e+06
5.935500265958179953e+05 6.116515340539883822e+06
5.935500265958179953e+05 6.116515340539883822e+06
5.934503204892107751e+05 6.116508894737062976e+06
5.934503204892107751e+05 6.116508894737062976e+06
5.933506118090468226e+05 6.116502487839017063e+06
5.933506118090468226e+05 6.116502487839017063e+06
5.932509008144070394e+05 6.116496119739222340e+06
5.932509008144070394e+05 6.116496119739222340e+06
5.931511871755308239e+05 6.116489790294131264e+06
5.931511871755308239e+05 6.116489790294131264e+06
5.930514711558851413e+05 6.116483499398649670e+06
